edges = [-1,-1,-2,-1,-2,-2,-2,-2,-2,-2,-2,-2,-2,-2,-2,-2,-2,-2,-2,-2,-2,-2,-2,-2,-2,-2,-2,-2,-2,-2,-2,-1,-1,-1,-1,70,-1,-1,-1,-1,-1,-1,-1,-1,-1,-1,-1,-1,-1,-1,-1,-1,-1,-1,-1,-1,-1,-1,-1,-1,-1,-1,-2,-1,-1,-1,-1,-1,-1,-1,-1,-1,-1,-1,-1,-1,-1,-1,-1,-1,-1,-1,-2,-2,-1,-1,-2,-2,-1,-1,-1,-1,-2,-1,-1,-1,-1,-1,-1,-1,-1,-1,-2,-1,-2,-1,-1,-1,-1,-1,-1,-1,-1,-1,-1,-1,-1,-1,-1,-1,-1,-1,-1,-1,-2,-1,-1,-1,-1,-1,-1,-1,-2,-1,-1,-1,-1,-1,-1,-1,-1,-1,-1,-1,-1,-1,-1,-1,-1,-1,-1,-1,-1,-1,-1,-1,-1,-1,-1,-1,-1,-1,-1,-1,-1,-1,-1,-1,-1,-1,-1,-1,-2,-2,-2,-1,-1,-1,-1,-1,-1,-1,-1,-1,-1,-1,-1,-1,-1,-1,-1,-1,-1,-1,-1,-1,-1,-1,-1,-1,-1,-1,-1,-1,-1,-1,-1,-1,-1,-1,-1,-1,-1,-1,-1,-1,-1,-1,-1,-1,-1,-1,-1,-1,-2,-1,-1,-1,-1,-1,-1,-1,-1,-1,-2,-1,-1,-2,-1,-1,-1,-1,-1,-2,-1,-1,-1,-1,-1,-2,-1,-1,-1,-1,-1,-1,-1,-1,-1,-1,-1,-1,-1,-1,-1,-1,-1,-1,-2,-1,-1,-1,-1,-2,-1,-1,-1,-1,-1,-1,-1,-1,-1,-1,-1,-1,-1,-1,-1,-1,-1,-1,-1,-1,-1,-1,-1,-2,-2,-2,-1,-2,-2,-2,-2,-1,-1,-2,-2,-2,-1,-2,-2,-2,-2,-1,-1,-1,-1,-1,-1,-2,-2,-1,-1,-1,-1,-1,-2,-2,-1,-1,-1,-1,-1,-1,-1,-1,-1,-1,-1,-1,-1,-1,-1,-1,-1,-1,-1,-2,-1,-1,-1,-1,-2,-1,-1,-1,-1,-1,-1,-1,-1,-1,-1,-1,-1,-1,-2,-2,-1,-1,-1,-1,-1,-1,-1,-1,-1,-1,-1,-2,-1,-1,-1,-1,-1,-2,-2,-2,-1,-2,-2,-1,-1,-1,-2,-2,-1,-1,-1,-2,-2,-2,-1,-1,-1,-1,-1,-1,-1,-1,-1,-1,-1,-1,-1,-2,-1,-1,-1,-1,-1,-1,-2,-1,-2,-2,-1,-1,-1,-1,-1,-1,-2,-1,-1,-2,-1,-1,-1,-1,-1,-2,-1,-1,-1,-1,-1,-1,-1,-2,-2,-2,-1,-1,-2,-2,-1,-2,-1,-1,-2,-1,-1,-1,-1,-1,-1,-1,-1,-1,-1,-1,-1,-1,-1,-2,-1,-1,-1,-1,-1,-1,-1,-1,-1,-1,-1,-1,-1,-1,-1,-1,-1,-1,-1,-1,-1,-1,-1,-1,-1,-1,-1,-1,-1,-1,-1,-1,-1,-1,-1,-2,-1,-1,-1,-1,-1,-1,-1,-2,-2,-1,-1,-1,-2,-2,-1,-1,-1,-2,-1,-2,-1,-1,-1,-1,-1,-1,-1,-1,-1,-1,-1,-1,-1,-1,-1,-1,-1,-1,-1,-1,-1,-1,-1,-1,-2,-1,-1,-1,-1,-1,-1,-1,-1,-1,-1,-1,-1,-1,-1,-1,-1,-1,-1,-2,-2,-1,-1,-1,-2,-1,-2,-1,-2,-2,-1,-1,-1,-2,-2,-1,-2,-1,-1,-2,-1,-1,-1,-1,-1,-2,-1,-1,-1,-1,-1,-1,-1,-1,-1,-1,-1,-1,-1,-1,-1,-2,-1,-1,-1,-1,-1,-1,-1,-1,-1,-1,-1,-1,-2,-2,-1,-1,-1,-1,-1,-1,-1,-1,-1,-1,-1,-1,-1,-1,-1,-1,-1,-1,-1,-1,-1,-1,-1,-1,-1,-2,-1,-2,-2,-1,-1,-1,-1,-1,-1,-1,-1,-1,-1,-1,-1,-1,-1,-1,-1,-1,-1,-1,-1,-1,-1,-1,-1,-1,-1,-1,-1,-1,-1,-1,-1,-1,-1,-1,-1,-1,-1,-1,-1,-1,-1,-1,-1,-1,-1,-1,-1,-1,-1,-1,-1,-1,-1,-1,-1,-1,-1,-1,-1,-1,-1,-1,-1,-1,-1,-2,-1,-1,-1,-1,-1,-1,-2,-2,-2,-1,-1,-1,-2,-1,-1,-1,-2,-2,-1,-2,-1,-1,-1,-1,-2,-1,-1,-1,-1,-1,-1,-1,-2,-2,-1,-1,-2,-1,-1,-1,-1,-1,-1,-1,-1,-1,-1,-1,-1,-1,-1,-1,-1,-1,-1,-1,-1,-1,-1,-2,-1,-1,-1,-1,-1,-1,-1,-1,-1,-1,-1,-1,-1,-1,-1,-1,-1,-1,-1,-1,-1,-1,-1,-1,-1,-1,-1,-1,-1,-2,-1,-1,-2,-1,-1,-1,-1,-1,-2,-1,-1,-1,-1,-1,-1,-1,-1,-1,-1,-1,-1,-1,-1,-1,-1,-1,-1,-1,-1,-1,-1,-1,-1,-1,-1,-1,-1,-1,-1,-1,-1,-1,-1,-1,-1,-1,-1,-2,-2,-2,-1,-2,-2,-2,-1,-1,-2,-2,-1,-1,-1,-2,-1,-1,-1,-1,-2,-2,-1,-1,-1,-1,-2,-2,-2,-1,-1,-1,-1,-1,-1,-1,-1,-1,-1,-1,-1,-1,-1,-1,-1,-1,-1,-1,-1,-1,-1,-1,-1,-1,-1,-1,-1,-1,-1,-1,-1,-1,-1,-1,-1,-1,-1,-1,-1,-1,-1,-1,-1,-1,-1,-1,-2,-1,-1,-1,-2,-2,-2,-2,-2,-2,-1,-1,-1,-1,-1,-1,-1,-1,-1,-1,-1,-2,-2,-1,-2,-2,-2,-1,-1,-1,-1,-1,-1,-1,-1,-1,-1,-1,-1,-1,-1,-1,-1,-1,-1,-1,-1,-1,-1,-1,-1,-1,-1,-1,-1,-1,-1,-1,
];
samples = [0.1,0.1,0.1,1.571,
2.5,1.66667,1,0.897599,
1.25,3.33333,2,1.7952,
3.75,0.555556,3,2.6928,
0.625,2.22222,4,3.59039,
3.125,3.88889,0.2,4.48799,
1.875,1.11111,1.2,5.38559,
4.375,2.77778,2.2,0.128228,
0.3125,4.44444,3.2,1.02583,
2.8125,0.185185,4.2,1.92343,
1.5625,1.85185,0.4,2.82102,
4.0625,3.51852,1.4,3.71862,
0.9375,0.740741,2.4,4.61622,
3.4375,2.40741,3.4,5.51382,
2.1875,4.07407,4.4,0.256457,
4.6875,1.2963,0.6,1.15406,
0.15625,2.96296,1.6,2.05165,
2.65625,4.62963,2.6,2.94925,
1.40625,0.37037,3.6,3.84685,
3.90625,2.03704,4.6,4.74445,
0.78125,3.7037,0.8,5.64205,
3.28125,0.925926,1.8,0.384685,
2.03125,2.59259,2.8,1.28228,
4.53125,4.25926,3.8,2.17988,
0.46875,1.48148,4.8,3.07748,
2.96875,3.14815,0.04,3.97508,
1.71875,4.81482,1.04,4.87268,
4.21875,0.0617284,2.04,5.77028,
1.09375,1.7284,3.04,0.512913,
3.59375,3.39506,4.04,1.41051,
2.34375,0.617284,0.24,2.30811,
4.84375,2.28395,1.24,3.20571,
0.078125,3.95062,2.24,4.10331,
2.57812,1.17284,3.24,5.00091,
1.32812,2.83951,4.24,5.89851,
3.82812,4.50617,0.44,0.641142,
0.703125,0.246914,1.44,1.53874,
3.20312,1.91358,2.44,2.43634,
1.95312,3.58025,3.44,3.33394,
4.45312,0.802469,4.44,4.23154,
0.390625,2.46914,0.64,5.12913,
2.89062,4.1358,1.64,6.02673,
1.64062,1.35802,2.64,0.76937,
4.14062,3.02469,3.64,1.66697,
1.01562,4.69136,4.64,2.56457,
3.51562,0.432099,0.84,3.46217,
2.26562,2.09877,1.84,4.35976,
4.76562,3.76543,2.84,5.25736,
0.234375,0.987654,3.84,6.15496,
2.73438,2.65432,4.84,0.0183183,
1.48438,4.32099,0.08,0.915917,
3.98438,1.54321,1.08,1.81352,
0.859375,3.20988,2.08,2.71111,
3.35938,4.87654,3.08,3.60871,
2.10938,0.123457,4.08,4.50631,
4.60938,1.79012,0.28,5.40391,
0.546875,3.45679,1.28,0.146547,
3.04688,0.679012,2.28,1.04415,
1.79688,2.34568,3.28,1.94174,
4.29688,4.01235,4.28,2.83934,
1.17188,1.23457,0.48,3.73694,
3.67188,2.90123,1.48,4.63454,
2.42188,4.5679,2.48,5.53214,
4.92188,0.308642,3.48,0.274775,
0.0390625,1.97531,4.48,1.17237,
2.53906,3.64198,0.68,2.06997,
1.28906,0.864198,1.68,2.96757,
3.78906,2.53086,2.68,3.86517,
0.664062,4.19753,3.68,4.76277,
3.16406,1.41975,4.68,5.66037,
1.91406,3.08642,0.88,0.403003,
4.41406,4.75309,1.88,1.3006,
0.351562,0.493827,2.88,2.1982,
2.85156,2.16049,3.88,3.0958,
1.60156,3.82716,4.88,3.9934,
4.10156,1.04938,0.12,4.891,
0.976562,2.71605,1.12,5.7886,
3.47656,4.38272,2.12,0.531232,
2.22656,1.60494,3.12,1.42883,
4.72656,3.27161,4.12,2.32643,
0.195312,4.93827,0.32,3.22403,
2.69531,0.0205761,1.32,4.12163,
1.44531,1.68724,2.32,5.01922,
3.94531,3.35391,3.32,5.91682,
0.820312,0.576132,4.32,0.65946,
3.32031,2.2428,0.52,1.55706,
2.07031,3.90947,1.52,2.45466,
4.57031,1.13169,2.52,3.35226,
0.507812,2.79835,3.52,4.24985,
3.00781,4.46502,4.52,5.14745,
1.75781,0.205761,0.72,6.04505,
4.25781,1.87243,1.72,0.787689,
1.13281,3.53909,2.72,1.68529,
3.63281,0.761317,3.72,2.58289,
2.38281,2.42798,4.72,3.48048,
4.88281,4.09465,0.92,4.37808,
0.117188,1.31687,1.92,5.27568,
2.61719,2.98354,2.92,6.17328,
1.36719,4.65021,3.92,0.0366367,
3.86719,0.390947,4.92,0.934235,
0.742188,2.05761,0.16,1.83183,
3.24219,3.72428,1.16,2.72943,
1.99219,0.946502,2.16,3.62703,
4.49219,2.61317,3.16,4.52463,
0.429688,4.27984,4.16,5.42223,
2.92969,1.50206,0.36,0.164865,
1.67969,3.16872,1.36,1.06246,
4.17969,4.83539,2.36,1.96006,
1.05469,0.0823045,3.36,2.85766,
3.55469,1.74897,4.36,3.75526,
2.30469,3.41564,0.56,4.65286,
4.80469,0.63786,1.56,5.55046,
0.273438,2.30453,2.56,0.293093,
2.77344,3.97119,3.56,1.19069,
1.52344,1.19342,4.56,2.08829,
4.02344,2.86008,0.76,2.98589,
0.898438,4.52675,1.76,3.88349,
3.39844,0.26749,2.76,4.78109,
2.14844,1.93416,3.76,5.67868,
4.64844,3.60082,4.76,0.421322,
0.585938,0.823045,0.96,1.31892,
3.08594,2.48971,1.96,2.21652,
1.83594,4.15638,2.96,3.11412,
4.33594,1.3786,3.96,4.01172,
1.21094,3.04527,4.96,4.90931,
3.71094,4.71193,0.008,5.80691,
2.46094,0.452675,1.008,0.54955,
4.96094,2.11934,2.008,1.44715,
0.0195312,3.78601,3.008,2.34475,
2.51953,1.00823,4.008,3.24235,
1.26953,2.6749,0.208,4.13994,
3.76953,4.34156,1.208,5.03754,
0.644531,1.56379,2.208,5.93514,
3.14453,3.23045,3.208,0.677779,
1.89453,4.89712,4.208,1.57538,
4.39453,0.144033,0.408,2.47298,
0.332031,1.8107,1.408,3.37057,
2.83203,3.47737,2.408,4.26817,
1.58203,0.699589,3.408,5.16577,
4.08203,2.36626,4.408,6.06337,
0.957031,4.03292,0.608,0.806007,
3.45703,1.25514,1.608,1.70361,
2.20703,2.92181,2.608,2.6012,
4.70703,4.58848,3.608,3.4988,
0.175781,0.329218,4.608,4.3964,
2.67578,1.99588,0.808,5.294,
1.42578,3.66255,1.808,6.1916,
3.92578,0.884774,2.808,0.054955,
0.800781,2.55144,3.808,0.952554,
3.30078,4.21811,4.808,1.85015,
2.05078,1.44033,0.048,2.74775,
4.55078,3.107,1.048,3.64535,
0.488281,4.77366,2.048,4.54295,
2.98828,0.514403,3.048,5.44055,
1.73828,2.18107,4.048,0.183183,
4.23828,3.84774,0.248,1.08078,
1.11328,1.06996,1.248,1.97838,
3.61328,2.73663,2.248,2.87598,
2.36328,4.40329,3.248,3.77358,
4.86328,1.62551,4.248,4.67118,
0.0976562,3.29218,0.448,5.56878,
2.59766,4.95885,1.448,0.311412,
1.34766,0.0411523,2.448,1.20901,
3.84766,1.70782,3.448,2.10661,
0.722656,3.37449,4.448,3.00421,
3.22266,0.596708,0.648,3.90181,
1.97266,2.26337,1.648,4.7994,
4.47266,3.93004,2.648,5.697,
0.410156,1.15226,3.648,0.43964,
2.91016,2.81893,4.648,1.33724,
1.66016,4.4856,0.848,2.23484,
4.16016,0.226337,1.848,3.13244,
1.03516,1.893,2.848,4.03004,
3.53516,3.55967,3.848,4.92763,
2.28516,0.781893,4.848,5.82523,
4.78516,2.44856,0.088,0.567868,
0.253906,4.11523,1.088,1.46547,
2.75391,1.33745,2.088,2.36307,
1.50391,3.00412,3.088,3.26066,
4.00391,4.67078,4.088,4.15826,
0.878906,0.411523,0.288,5.05586,
3.37891,2.07819,1.288,5.95346,
2.12891,3.74486,2.288,0.696097,
4.62891,0.967078,3.288,1.5937,
0.566406,2.63374,4.288,2.49129,
3.06641,4.30041,0.488,3.38889,
1.81641,1.52263,1.488,4.28649,
4.31641,3.1893,2.488,5.18409,
1.19141,4.85597,3.488,6.08169,
3.69141,0.102881,4.488,0.824325,
2.44141,1.76955,0.688,1.72192,
4.94141,3.43621,1.688,2.61952,
0.0585938,0.658436,2.688,3.51712,
2.55859,2.3251,3.688,4.41472,
1.30859,3.99177,4.688,5.31232,
3.80859,1.21399,0.888,6.20992,
0.683594,2.88066,1.888,0.0732734,
3.18359,4.54733,2.888,0.970872,
1.93359,0.288066,3.888,1.86847,
4.43359,1.95473,4.888,2.76607,
0.371094,3.6214,0.128,3.66367,
2.87109,0.843621,1.128,4.56127,
1.62109,2.51029,2.128,5.45887,
4.12109,4.17695,3.128,0.201502,
0.996094,1.39918,4.128,1.0991,
3.49609,3.06584,0.328,1.9967,
2.24609,4.73251,1.328,2.8943,
4.74609,0.473251,2.328,3.7919,
0.214844,2.13992,3.328,4.68949,
2.71484,3.80658,4.328,5.58709,
1.46484,1.02881,0.528,0.32973,
3.96484,2.69547,1.528,1.22733,
0.839844,4.36214,2.528,2.12493,
3.33984,1.58436,3.528,3.02253,
2.08984,3.25103,4.528,3.92012,
4.58984,4.9177,0.728,4.81772,
0.527344,0.164609,1.728,5.71532,
3.02734,1.83128,2.728,0.457958,
1.77734,3.49794,3.728,1.35556,
4.27734,0.720165,4.728,2.25316,
1.15234,2.38683,0.928,3.15075,
3.65234,4.0535,1.928,4.04835,
2.40234,1.27572,2.928,4.94595,
4.90234,2.94239,3.928,5.84355,
0.136719,4.60905,4.928,0.586187,
2.63672,0.349794,0.168,1.48379,
1.38672,2.01646,1.168,2.38138,
3.88672,3.68313,2.168,3.27898,
0.761719,0.90535,3.168,4.17658,
3.26172,2.57202,4.168,5.07418,
2.01172,4.23868,0.368,5.97178,
4.51172,1.46091,1.368,0.714415,
0.449219,3.12757,2.368,1.61201,
2.94922,4.79424,3.368,2.50961,
1.69922,0.534979,4.368,3.40721,
4.19922,2.20165,0.568,4.30481,
1.07422,3.86831,1.568,5.20241,
3.57422,1.09054,2.568,6.10001,
2.32422,2.7572,3.568,0.842644,
4.82422,4.42387,4.568,1.74024,
0.292969,1.64609,0.768,2.63784,
2.79297,3.31276,1.768,3.53544,
1.54297,4.97942,2.768,4.43304,
4.04297,0.00685871,3.768,5.33064,
0.917969,1.67353,4.768,6.22824,
3.41797,3.34019,0.968,0.0915917,
2.16797,0.562414,1.968,0.98919,
4.66797,2.22908,2.968,1.88679,
0.605469,3.89575,3.968,2.78439,
3.10547,1.11797,4.968,3.68199,
1.85547,2.78464,0.016,4.57958,
4.35547,4.4513,1.016,5.47718,
1.23047,0.192044,2.016,0.21982,
3.73047,1.85871,3.016,1.11742,
2.48047,3.52538,4.016,2.01502,
4.98047,0.747599,0.216,2.91262,
0.00976562,2.41427,1.216,3.81021,
2.50977,4.08093,2.216,4.70781,
1.25977,1.30315,3.216,5.60541,
3.75977,2.96982,4.216,0.348048,
0.634766,4.63649,0.416,1.24565,
3.13477,0.377229,1.416,2.14325,
1.88477,2.0439,2.416,3.04084,
4.38477,3.71056,3.416,3.93844,
0.322266,0.932785,4.416,4.83604,
2.82227,2.59945,0.616,5.73364,
1.57227,4.26612,1.616,0.476277,
4.07227,1.48834,2.616,1.37388,
0.947266,3.15501,3.616,2.27147,
3.44727,4.82167,4.616,3.16907,
2.19727,0.0685871,0.816,4.06667,
4.69727,1.73525,1.816,4.96427,
0.166016,3.40192,2.816,5.86187,
2.66602,0.624143,3.816,0.604505,
1.41602,2.29081,4.816,1.5021,
3.91602,3.95748,0.056,2.3997,
0.791016,1.1797,1.056,3.2973,
3.29102,2.84636,2.056,4.1949,
2.04102,4.51303,3.056,5.0925,
4.54102,0.253772,4.056,5.9901,
0.478516,1.92044,0.256,0.732734,
2.97852,3.58711,1.256,1.63033,
1.72852,0.809328,2.256,2.52793,
4.22852,2.47599,3.256,3.42553,
1.10352,4.14266,4.256,4.32313,
3.60352,1.36488,0.456,5.22073,
2.35352,3.03155,1.456,6.11833,
4.85352,4.69822,2.456,0.860962,
0.0878906,0.438957,3.456,1.75856,
2.58789,2.10562,4.456,2.65616,
1.33789,3.77229,0.656,3.55376,
3.83789,0.994513,1.656,4.45136,
0.712891,2.66118,2.656,5.34895,
3.21289,4.32785,3.656,6.24655,
1.96289,1.55007,4.656,0.10991,
4.46289,3.21674,0.856,1.00751,
0.400391,4.8834,1.856,1.90511,
2.90039,0.130315,2.856,2.80271,
1.65039,1.79698,3.856,3.7003,
4.15039,3.46365,4.856,4.5979,
1.02539,0.685871,0.096,5.4955,
3.52539,2.35254,1.096,0.238138,
2.27539,4.0192,2.096,1.13574,
4.77539,1.24143,3.096,2.03334,
0.244141,2.90809,4.096,2.93093,
2.74414,4.57476,0.296,3.82853,
1.49414,0.315501,1.296,4.72613,
3.99414,1.98217,2.296,5.62373,
0.869141,3.64883,3.296,0.366367,
3.36914,0.871056,4.296,1.26397,
2.11914,2.53772,0.496,2.16156,
4.61914,4.20439,1.496,3.05916,
0.556641,1.42661,2.496,3.95676,
3.05664,3.09328,3.496,4.85436,
1.80664,4.75994,4.496,5.75196,
4.30664,0.500686,0.696,0.494595,
1.18164,2.16735,1.696,1.39219,
3.68164,3.83402,2.696,2.28979,
2.43164,1.05624,3.696,3.18739,
4.93164,2.72291,4.696,4.08499,
0.0488281,4.38958,0.896,4.98259,
2.54883,1.6118,1.896,5.88019,
1.29883,3.27846,2.896,0.622824,
3.79883,4.94513,3.896,1.52042,
0.673828,0.0274348,4.896,2.41802,
3.17383,1.6941,0.136,3.31562,
1.92383,3.36077,1.136,4.21322,
4.42383,0.58299,2.136,5.11082,
0.361328,2.24966,3.136,6.00842,
2.86133,3.91632,4.136,0.751052,
1.61133,1.13855,0.336,1.64865,
4.11133,2.80521,1.336,2.54625,
0.986328,4.47188,2.336,3.44385,
3.48633,0.21262,3.336,4.34145,
2.23633,1.87929,4.336,5.23904,
4.73633,3.54595,0.536,6.13664,
0.205078,0.768176,1.536,0.87928,
2.70508,2.43484,2.536,1.77688,
1.45508,4.10151,3.536,2.67448,
3.95508,1.32373,4.536,3.57208,
0.830078,2.9904,0.736,4.46967,
3.33008,4.65706,1.736,5.36727,
2.08008,0.397805,2.736,6.26487,
4.58008,2.06447,3.736,0.00261691,
0.517578,3.73114,4.736,0.900215,
3.01758,0.953361,0.936,1.79781,
1.76758,2.62003,1.936,2.69541,
4.26758,4.28669,2.936,3.59301,
1.14258,1.50892,3.936,4.49061,
3.64258,3.17558,4.936,5.38821,
2.39258,4.84225,0.176,0.130845,
4.89258,0.0891632,1.176,1.02844,
0.126953,1.75583,2.176,1.92604,
2.62695,3.4225,3.176,2.82364,
1.37695,0.644719,4.176,3.72124,
3.87695,2.31139,0.376,4.61884,
0.751953,3.97805,1.376,5.51644,
3.25195,1.20027,2.376,0.259074,
2.00195,2.86694,3.376,1.15667,
4.50195,4.53361,4.376,2.05427,
0.439453,0.274348,0.576,2.95187,
2.93945,1.94102,1.576,3.84947,
1.68945,3.60768,2.576,4.74707,
4.18945,0.829904,3.576,5.64467,
1.06445,2.49657,4.576,0.387302,
3.56445,4.16324,0.776,1.2849,
2.31445,1.38546,1.776,2.1825,
4.81445,3.05213,2.776,3.0801,
0.283203,4.71879,3.776,3.9777,
2.7832,0.459534,4.776,4.8753,
1.5332,2.1262,0.976,5.77289,
4.0332,3.79287,1.976,0.51553,
0.908203,1.01509,2.976,1.41313,
3.4082,2.68176,3.976,2.31073,
2.1582,4.34842,4.976,3.20833,
4.6582,1.57064,0.024,4.10593,
0.595703,3.23731,1.024,5.00352,
3.0957,4.90398,2.024,5.90112,
1.8457,0.150892,3.024,0.643759,
4.3457,1.81756,4.024,1.54136,
1.2207,3.48423,0.224,2.43896,
3.7207,0.706447,1.224,3.33655,
2.4707,2.37311,2.224,4.23415,
4.9707,4.03978,3.224,5.13175,
0.0292969,1.262,4.224,6.02935,
2.5293,2.92867,0.424,0.771987,
1.2793,4.59534,1.424,1.66959,
3.7793,0.336077,2.424,2.56718,
0.654297,2.00274,3.424,3.46478,
3.1543,3.66941,4.424,4.36238,
1.9043,0.891632,0.624,5.25998,
4.4043,2.5583,1.624,6.15758,
0.341797,4.22497,2.624,0.0209352,
2.8418,1.44719,3.624,0.918534,
1.5918,3.11385,4.624,1.81613,
4.0918,4.78052,0.824,2.71373,
0.966797,0.521262,1.824,3.61133,
3.4668,2.18793,2.824,4.50893,
2.2168,3.8546,3.824,5.40653,
4.7168,1.07682,4.824,0.149164,
0.185547,2.74348,0.064,1.04676,
2.68555,4.41015,1.064,1.94436,
1.43555,1.63237,2.064,2.84196,
3.93555,3.29904,3.064,3.73956,
0.810547,4.96571,4.064,4.63716,
3.31055,0.048011,0.264,5.53476,
2.06055,1.71468,1.264,0.277392,
4.56055,3.38134,2.264,1.17499,
0.498047,0.603567,3.264,2.07259,
2.99805,2.27023,4.264,2.97019,
1.74805,3.9369,0.464,3.86779,
4.24805,1.15912,1.464,4.76538,
1.12305,2.82579,2.464,5.66298,
3.62305,4.49246,3.464,0.40562,
2.37305,0.233196,4.464,1.30322,
4.87305,1.89986,0.664,2.20082,
0.107422,3.56653,1.664,3.09842,
2.60742,0.788752,2.664,3.99601,
1.35742,2.45542,3.664,4.89361,
3.85742,4.12209,4.664,5.79121,
0.732422,1.34431,0.864,0.533849,
3.23242,3.01097,1.864,1.43145,
1.98242,4.67764,2.864,2.32905,
4.48242,0.418381,3.864,3.22664,
0.419922,2.08505,4.864,4.12424,
2.91992,3.75171,0.104,5.02184,
1.66992,0.973937,1.104,5.91944,
4.16992,2.6406,2.104,0.662077,
1.04492,4.30727,3.104,1.55968,
3.54492,1.52949,4.104,2.45727,
2.29492,3.19616,0.304,3.35487,
4.79492,4.86283,1.304,4.25247,
0.263672,0.109739,2.304,5.15007,
2.76367,1.77641,3.304,6.04767,
1.51367,3.44307,4.304,0.790305,
4.01367,0.665295,0.504,1.6879,
0.888672,2.33196,1.504,2.5855,
3.38867,3.99863,2.504,3.4831,
2.13867,1.22085,3.504,4.3807,
4.63867,2.88752,4.504,5.2783,
0.576172,4.55418,0.704,6.1759,
3.07617,0.294925,1.704,0.0392536,
1.82617,1.96159,2.704,0.936852,
4.32617,3.62826,3.704,1.83445,
1.20117,0.85048,4.704,2.73205,
3.70117,2.51715,0.904,3.62965,
2.45117,4.18381,1.904,4.52725,
4.95117,1.40604,2.904,5.42485,
0.0683594,3.0727,3.904,0.167482,
2.56836,4.73937,4.904,1.06508,
1.31836,0.48011,0.144,1.96268,
3.81836,2.14678,1.144,2.86028,
0.693359,3.81344,2.144,3.75788,
3.19336,1.03567,3.144,4.65547,
1.94336,2.70233,4.144,5.55307,
4.44336,4.369,0.344,0.29571,
0.380859,1.59122,1.344,1.19331,
2.88086,3.25789,2.344,2.09091,
1.63086,4.92455,3.344,2.98851,
4.13086,0.171468,4.344,3.8861,
1.00586,1.83813,0.544,4.7837,
3.50586,3.5048,1.544,5.6813,
2.25586,0.727023,2.544,0.423939,
4.75586,2.39369,3.544,1.32154,
0.224609,4.06036,4.544,2.21914,
2.72461,1.28258,0.744,3.11673,
1.47461,2.94925,1.744,4.01433,
3.97461,4.61591,2.744,4.91193,
0.849609,0.356653,3.744,5.80953,
3.34961,2.02332,4.744,0.552167,
2.09961,3.68999,0.944,1.44977,
4.59961,0.912208,1.944,2.34736,
0.537109,2.57888,2.944,3.24496,
3.03711,4.24554,3.944,4.14256,
1.78711,1.46776,4.944,5.04016,
4.28711,3.13443,0.184,5.93776,
1.16211,4.8011,1.184,0.680395,
3.66211,0.541838,2.184,1.57799,
2.41211,2.2085,3.184,2.47559,
4.91211,3.87517,4.184,3.37319,
0.146484,1.09739,0.384,4.27079,
2.64648,2.76406,1.384,5.16839,
1.39648,4.43073,2.384,6.06599,
3.89648,1.65295,3.384,0.808624,
0.771484,3.31962,4.384,1.70622,
3.27148,4.98628,0.584,2.60382,
2.02148,0.0137174,1.584,3.50142,
4.52148,1.68038,2.584,4.39902,
0.458984,3.34705,3.584,5.29662,
2.95898,0.569273,4.584,6.19422,
1.70898,2.23594,0.784,0.0575719,
4.20898,3.90261,1.784,0.95517,
1.08398,1.12483,2.784,1.85277,
3.58398,2.7915,3.784,2.75037,
2.33398,4.45816,4.784,3.64797,
4.83398,0.198903,0.984,4.54557,
0.302734,1.86557,1.984,5.44316,
2.80273,3.53224,2.984,0.1858,
1.55273,0.754458,3.984,1.0834,
4.05273,2.42112,4.984,1.981,
0.927734,4.08779,0.032,2.8786,
3.42773,1.31001,1.032,3.77619,
2.17773,2.97668,2.032,4.67379,
4.67773,4.64335,3.032,5.57139,
0.615234,0.384088,4.032,0.314029,
3.11523,2.05075,0.232,1.21163,
1.86523,3.71742,1.232,2.10923,
4.36523,0.939643,2.232,3.00682,
1.24023,2.60631,3.232,3.90442,
3.74023,4.27298,4.232,4.80202,
2.49023,1.4952,0.432,5.69962,
4.99023,3.16187,1.432,0.442257,
0.00488281,4.82853,2.432,1.33986,
2.50488,0.0754458,3.432,2.23745,
1.25488,1.74211,4.432,3.13505,
3.75488,3.40878,0.632,4.03265,
0.629883,0.631001,1.632,4.93025,
3.12988,2.29767,2.632,5.82785,
1.87988,3.96433,3.632,0.570485,
4.37988,1.18656,4.632,1.46808,
0.317383,2.85322,0.832,2.36568,
2.81738,4.51989,1.832,3.26328,
1.56738,0.260631,2.832,4.16088,
4.06738,1.9273,3.832,5.05848,
0.942383,3.59396,4.832,5.95608,
3.44238,0.816187,0.072,0.698714,
2.19238,2.48285,1.072,1.59631,
4.69238,4.14952,2.072,2.49391,
0.161133,1.37174,3.072,3.39151,
2.66113,3.03841,4.072,4.28911,
1.41113,4.70508,0.272,5.18671,
3.91113,0.445816,1.272,6.08431,
0.786133,2.11248,2.272,0.826942,
3.28613,3.77915,3.272,1.72454,
2.03613,1.00137,4.272,2.62214,
4.53613,2.66804,0.472,3.51974,
0.473633,4.33471,1.472,4.41734,
2.97363,1.55693,2.472,5.31493,
1.72363,3.22359,3.472,6.21253,
4.22363,4.89026,4.472,0.0758903,
1.09863,0.137174,0.672,0.973489,
3.59863,1.80384,1.672,1.87109,
2.34863,3.47051,2.672,2.76869,
4.84863,0.69273,3.672,3.66628,
0.0830078,2.3594,4.672,4.56388,
2.58301,4.02606,0.872,5.46148,
1.33301,1.24829,1.872,0.204119,
3.83301,2.91495,2.872,1.10172,
0.708008,4.58162,3.872,1.99932,
3.20801,0.322359,4.872,2.89691,
1.95801,1.98903,0.112,3.79451,
4.45801,3.65569,1.112,4.69211,
0.395508,0.877915,2.112,5.58971,
2.89551,2.54458,3.112,0.332347,
1.64551,4.21125,4.112,1.22995,
4.14551,1.43347,0.312,2.12754,
1.02051,3.10014,1.312,3.02514,
3.52051,4.7668,2.312,3.92274,
2.27051,0.507545,3.312,4.82034,
4.77051,2.17421,4.312,5.71794,
0.239258,3.84088,0.512,0.460575,
2.73926,1.0631,1.512,1.35817,
1.48926,2.72977,2.512,2.25577,
3.98926,4.39643,3.512,3.15337,
0.864258,1.61866,4.512,4.05097,
3.36426,3.28532,0.712,4.94857,
2.11426,4.95199,1.712,5.84617,
4.61426,0.0342936,2.712,0.588804,
0.551758,1.70096,3.712,1.4864,
3.05176,3.36763,4.712,2.384,
1.80176,0.589849,0.912,3.2816,
4.30176,2.25652,1.912,4.1792,
1.17676,3.92318,2.912,5.0768,
3.67676,1.1454,3.912,5.9744,
2.42676,2.81207,4.912,0.717032,
4.92676,4.47874,0.152,1.61463,
0.0439453,0.219479,1.152,2.51223,
2.54395,1.88615,2.152,3.40983,
1.29395,3.55281,3.152,4.30743,
3.79395,0.775034,4.152,5.20503,
0.668945,2.4417,0.352,6.10262,
3.16895,4.10837,1.352,0.84526,
1.91895,1.33059,2.352,1.74286,
4.41895,2.99726,3.352,2.64046,
0.356445,4.66392,4.352,3.53806,
2.85645,0.404664,0.552,4.43566,
1.60645,2.07133,1.552,5.33325,
4.10645,3.738,2.552,6.23085,
0.981445,0.96022,3.552,0.0942086,
3.48145,2.62689,4.552,0.991807,
2.23145,4.29355,0.752,1.88941,
4.73145,1.51577,1.752,2.787,
0.200195,3.18244,2.752,3.6846,
2.7002,4.84911,3.752,4.5822,
1.4502,0.096022,4.752,5.4798,
3.9502,1.76269,0.952,0.222437,
0.825195,3.42936,1.952,1.12004,
3.3252,0.651577,2.952,2.01763,
2.0752,2.31824,3.952,2.91523,
4.5752,3.98491,4.952,3.81283,
0.512695,1.20713,0.192,4.71043,
3.0127,2.8738,1.192,5.60803,
1.7627,4.54047,2.192,0.350665,
4.2627,0.281207,3.192,1.24826,
1.1377,1.94787,4.192,2.14586,
3.6377,3.61454,0.392,3.04346,
2.3877,0.836763,1.392,3.94106,
4.8877,2.50343,2.392,4.83866,
0.12207,4.1701,3.392,5.73626,
2.62207,1.39232,4.392,0.478894,
1.37207,3.05898,0.592,1.37649,
3.87207,4.72565,1.592,2.27409,
0.74707,0.466392,2.592,3.17169,
3.24707,2.13306,3.592,4.06929,
1.99707,3.79973,4.592,4.96689,
4.49707,1.02195,0.792,5.86449,
0.43457,2.68861,1.792,0.607122,
2.93457,4.35528,2.792,1.50472,
1.68457,1.5775,3.792,2.40232,
4.18457,3.24417,4.792,3.29992,
1.05957,4.91084,0.992,4.19752,
3.55957,0.15775,1.992,5.09512,
2.30957,1.82442,2.992,5.99271,
4.80957,3.49108,3.992,0.73535,
0.27832,0.713306,4.992,1.63295,
2.77832,2.37997,0.0016,2.53055,
1.52832,4.04664,1.0016,3.42815,
4.02832,1.26886,2.0016,4.32575,
0.90332,2.93553,3.0016,5.22334,
3.40332,4.60219,4.0016,6.12094,
2.15332,0.342936,0.2016,0.863579,
4.65332,2.0096,1.2016,1.76118,
0.59082,3.67627,2.2016,2.65878,
3.09082,0.898491,3.2016,3.55637,
1.84082,2.56516,4.2016,4.45397,
4.34082,4.23182,0.4016,5.35157,
1.21582,1.45405,1.4016,6.24917,
3.71582,3.12071,2.4016,0.112527,
2.46582,4.78738,3.4016,1.01013,
4.96582,0.528121,4.4016,1.90772,
0.0244141,2.19479,0.6016,2.80532,
2.52441,3.86145,1.6016,3.70292,
1.27441,1.08368,2.6016,4.60052,
3.77441,2.75034,3.6016,5.49812,
0.649414,4.41701,4.6016,0.240755,
3.14941,1.63923,0.8016,1.13835,
1.89941,3.3059,1.8016,2.03595,
4.39941,4.97257,2.8016,2.93355,
0.336914,0.0548697,3.8016,3.83115,
2.83691,1.72154,4.8016,4.72875,
1.58691,3.3882,0.0416,5.62635,
4.08691,0.610425,1.0416,0.368984,
0.961914,2.27709,2.0416,1.26658,
3.46191,3.94376,3.0416,2.16418,
2.21191,1.16598,4.0416,3.06178,
4.71191,2.83265,0.2416,3.95938,
0.180664,4.49931,1.2416,4.85698,
2.68066,0.240055,2.2416,5.75458,
1.43066,1.90672,3.2416,0.497212,
3.93066,3.57339,4.2416,1.39481,
0.805664,0.79561,0.4416,2.29241,
3.30566,2.46228,1.4416,3.19001,
2.05566,4.12894,2.4416,4.08761,
4.55566,1.35117,3.4416,4.98521,
0.493164,3.01783,4.4416,5.8828,
2.99316,4.6845,0.6416,0.62544,
1.74316,0.42524,1.6416,1.52304,
4.24316,2.09191,2.6416,2.42064,
1.11816,3.75857,3.6416,3.31824,
3.61816,0.980796,4.6416,4.21584,
2.36816,2.64746,0.8416,5.11343,
4.86816,4.31413,1.8416,6.01103,
0.102539,1.53635,2.8416,0.753669,
2.60254,3.20302,3.8416,1.65127,
1.35254,4.86968,4.8416,2.54887,
3.85254,0.116598,0.0816,3.44646,
0.727539,1.78326,1.0816,4.34406,
3.22754,3.44993,2.0816,5.24166,
1.97754,0.672154,3.0816,6.13926,
4.47754,2.33882,4.0816,0.881897,
0.415039,4.00549,0.2816,1.7795,
2.91504,1.22771,1.2816,2.67709,
1.66504,2.89438,2.2816,3.57469,
4.16504,4.56104,3.2816,4.47229,
1.04004,0.301783,4.2816,5.36989,
3.54004,1.96845,0.4816,6.26749,
2.29004,3.63512,1.4816,0.00523381,
4.79004,0.857339,2.4816,0.902832,
0.258789,2.52401,3.4816,1.80043,
2.75879,4.19067,4.4816,2.69803,
1.50879,1.41289,0.6816,3.59563,
4.00879,3.07956,1.6816,4.49323,
0.883789,4.74623,2.6816,5.39083,
3.38379,0.486968,3.6816,0.133462,
2.13379,2.15364,4.6816,1.03106,
4.63379,3.8203,0.8816,1.92866,
0.571289,1.04252,1.8816,2.82626,
3.07129,2.70919,2.8816,3.72386,
1.82129,4.37586,3.8816,4.62145,
4.32129,1.59808,4.8816,5.51905,
1.19629,3.26475,0.1216,0.261691,
3.69629,4.93141,1.1216,1.15929,
2.44629,0.178326,2.1216,2.05689,
4.94629,1.84499,3.1216,2.95449,
0.0634766,3.51166,4.1216,3.85208,
2.56348,0.733882,0.3216,4.74968,
1.31348,2.40055,1.3216,5.64728,
3.81348,4.06722,2.3216,0.389919,
0.688477,1.28944,3.3216,1.28752,
3.18848,2.9561,4.3216,2.18512,
1.93848,4.62277,0.5216,3.08271,
4.43848,0.363512,1.5216,3.98031,
0.375977,2.03018,2.5216,4.87791,
2.87598,3.69684,3.5216,5.77551,
1.62598,0.919067,4.5216,0.518147,
4.12598,2.58573,0.7216,1.41575,
1.00098,4.2524,1.7216,2.31334,
3.50098,1.47462,2.7216,3.21094,
2.25098,3.14129,3.7216,4.10854,
4.75098,4.80796,4.7216,5.00614,
0.219727,0.548697,0.9216,5.90374,
2.71973,2.21536,1.9216,0.646376,
1.46973,3.88203,2.9216,1.54397,
3.96973,1.10425,3.9216,2.44157,
0.844727,2.77092,4.9216,3.33917,
3.34473,4.43759,0.1616,4.23677,
2.09473,1.65981,1.1616,5.13437,
4.59473,3.32647,2.1616,6.03197,
0.532227,4.99314,3.1616,0.774604,
3.03223,0.00228624,4.1616,1.6722,
1.78223,1.66895,0.3616,2.5698,
4.28223,3.33562,1.3616,3.4674,
1.15723,0.557842,2.3616,4.365,
3.65723,2.22451,3.3616,5.2626,
2.40723,3.89118,4.3616,6.1602,
4.90723,1.1134,0.5616,0.0235521,
0.141602,2.78006,1.5616,0.921151,
2.6416,4.44673,2.5616,1.81875,
1.3916,0.187471,3.5616,2.71635,
3.8916,1.85414,4.5616,3.61395,
0.766602,3.5208,0.7616,4.51154,
3.2666,0.743027,1.7616,5.40914,
2.0166,2.40969,2.7616,0.151781,
4.5166,4.07636,3.7616,1.04938,
0.454102,1.29858,4.7616,1.94698,
2.9541,2.96525,0.9616,2.84458,
1.7041,4.63192,1.9616,3.74217,
4.2041,0.372657,2.9616,4.63977,
1.0791,2.03932,3.9616,5.53737,
3.5791,3.70599,4.9616,0.280009,
2.3291,0.928212,0.0096,1.17761,
4.8291,2.59488,1.0096,2.07521,
0.297852,4.26155,2.0096,2.9728,
2.79785,1.48377,3.0096,3.8704,
1.54785,3.15043,4.0096,4.768,
4.04785,4.8171,0.2096,5.6656,
0.922852,0.0640146,1.2096,0.408237,
3.42285,1.73068,2.2096,1.30584,
2.17285,3.39735,3.2096,2.20343,
4.67285,0.61957,4.2096,3.10103,
0.610352,2.28624,0.4096,3.99863,
3.11035,3.9529,1.4096,4.89623,
1.86035,1.17513,2.4096,5.79383,
4.36035,2.84179,3.4096,0.536466,
1.23535,4.50846,4.4096,1.43406,
3.73535,0.2492,0.6096,2.33166,
2.48535,1.91587,1.6096,3.22926,
4.98535,3.58253,2.6096,4.12686,
0.0146484,0.804755,3.6096,5.02446,
2.51465,2.47142,4.6096,5.92206,
1.26465,4.13809,0.8096,0.664694,
3.76465,1.36031,1.8096,1.56229,
0.639648,3.02698,2.8096,2.45989,
3.13965,4.69364,3.8096,3.35749,
1.88965,0.434385,4.8096,4.25509,
4.38965,2.10105,0.0496,5.15269,
0.327148,3.76772,1.0496,6.05029,
2.82715,0.989941,2.0496,0.792922,
1.57715,2.65661,3.0496,1.69052,
4.07715,4.32327,4.0496,2.58812,
0.952148,1.5455,0.2496,3.48572,
3.45215,3.21216,1.2496,4.38332,
2.20215,4.87883,2.2496,5.28091,
4.70215,0.125743,3.2496,6.17851,
0.170898,1.79241,4.2496,0.0418705,
2.6709,3.45908,0.4496,0.939469,
1.4209,0.681299,1.4496,1.83707,
3.9209,2.34797,2.4496,2.73467,
0.795898,4.01463,3.4496,3.63226,
3.2959,1.23685,4.4496,4.52986,
2.0459,2.90352,0.6496,5.42746,
4.5459,4.57019,1.6496,0.170099,
0.483398,0.310928,2.6496,1.0677,
2.9834,1.97759,3.6496,1.9653,
1.7334,3.64426,4.6496,2.86289,
4.2334,0.866484,0.8496,3.76049,
1.1084,2.53315,1.8496,4.65809,
3.6084,4.19982,2.8496,5.55569,
2.3584,1.42204,3.8496,0.298327,
4.8584,3.08871,4.8496,1.19593,
0.0927734,4.75537,0.0896,2.09352,
2.59277,0.496113,1.0896,2.99112,
1.34277,2.16278,2.0896,3.88872,
3.84277,3.82945,3.0896,4.78632,
0.717773,1.05167,4.0896,5.68392,
3.21777,2.71834,0.2896,0.426556,
1.96777,4.385,1.2896,1.32415,
4.46777,1.60722,2.2896,2.22175,
0.405273,3.27389,3.2896,3.11935,
2.90527,4.94056,4.2896,4.01695,
1.65527,0.0228624,0.4896,4.91455,
4.15527,1.68953,1.4896,5.81215,
1.03027,3.3562,2.4896,0.554784,
3.53027,0.578418,3.4896,1.45238,
2.28027,2.24508,4.4896,2.34998,
4.78027,3.91175,0.6896,3.24758,
0.249023,1.13397,1.6896,4.14518,
2.74902,2.80064,2.6896,5.04278,
1.49902,4.46731,3.6896,5.94038,
3.99902,0.208048,4.6896,0.683012,
0.874023,1.87471,0.8896,1.58061,
3.37402,3.54138,1.8896,2.47821,
2.12402,0.763603,2.8896,3.37581,
4.62402,2.43027,3.8896,4.27341,
0.561523,4.09694,4.8896,5.171,
3.06152,1.31916,0.1296,6.0686,
1.81152,2.98583,1.1296,0.811241,
4.31152,4.65249,2.1296,1.70884,
1.18652,0.393233,3.1296,2.60644,
3.68652,2.0599,4.1296,3.50404,
2.43652,3.72657,0.3296,4.40163,
4.93652,0.948788,1.3296,5.29923,
0.0537109,2.61545,2.3296,6.19683,
2.55371,4.28212,3.3296,0.0601888,
1.30371,1.50434,4.3296,0.957787,
3.80371,3.17101,0.5296,1.85539,
0.678711,4.83768,1.5296,2.75298,
3.17871,0.0845908,2.5296,3.65058,
1.92871,1.75126,3.5296,4.54818,
4.42871,3.41792,4.5296,5.44578,
0.366211,0.640146,0.7296,0.188417,
2.86621,2.30681,1.7296,1.08602,
1.61621,3.97348,2.7296,1.98361,
4.11621,1.1957,3.7296,2.88121,
0.991211,2.86237,4.7296,3.77881,
3.49121,4.52904,0.9296,4.67641,
2.24121,0.269776,1.9296,5.57401,
4.74121,1.93644,2.9296,0.316646,
0.209961,3.60311,3.9296,1.21424,
2.70996,0.825331,4.9296,2.11184,
1.45996,2.492,0.1696,3.00944,
3.95996,4.15866,1.1696,3.90704,
0.834961,1.38089,2.1696,4.80464,
3.33496,3.04755,3.1696,5.70224,
2.08496,4.71422,4.1696,0.444874,
4.58496,0.454961,0.3696,1.34247,
0.522461,2.12163,1.3696,2.24007,
3.02246,3.78829,2.3696,3.13767,
1.77246,1.01052,3.3696,4.03527,
4.27246,2.67718,4.3696,4.93287,
1.14746,4.34385,0.5696,5.83047,
3.64746,1.56607,1.5696,0.573102,
2.39746,3.23274,2.5696,1.4707,
4.89746,4.89941,3.5696,2.3683,
0.131836,0.146319,4.5696,3.2659,
2.63184,1.81299,0.7696,4.1635,
1.38184,3.47965,1.7696,5.06109,
3.88184,0.701875,2.7696,5.95869,
0.756836,2.36854,3.7696,0.701331,
3.25684,4.03521,4.7696,1.59893,
2.00684,1.25743,0.9696,2.49653,
4.50684,2.9241,1.9696,3.39413,
0.444336,4.59076,2.9696,4.29173,
2.94434,0.331504,3.9696,5.18932,
1.69434,1.99817,4.9696,6.08692,
4.19434,3.66484,0.0176,0.829559,
1.06934,0.88706,1.0176,1.72716,
3.56934,2.55373,2.0176,2.62476,
2.31934,4.22039,3.0176,3.52235,
4.81934,1.44262,4.0176,4.41995,
0.288086,3.10928,0.2176,5.31755,
2.78809,4.77595,1.2176,6.21515,
1.53809,0.51669,2.2176,0.0785072,
4.03809,2.18336,3.2176,0.976106,
0.913086,3.85002,4.2176,1.8737,
3.41309,1.07225,0.4176,2.7713,
2.16309,2.73891,1.4176,3.6689,
4.66309,4.40558,2.4176,4.5665,
0.600586,1.6278,3.4176,5.4641,
3.10059,3.29447,4.4176,0.206736,
1.85059,4.96113,0.6176,1.10433,
4.35059,0.0434385,1.6176,2.00193,
1.22559,1.71011,2.6176,2.89953,
3.72559,3.37677,3.6176,3.79713,
2.47559,0.598994,4.6176,4.69473,
4.97559,2.26566,0.8176,5.59233,
0.0341797,3.93233,1.8176,0.334964,
2.53418,1.15455,2.8176,1.23256,
1.28418,2.82122,3.8176,2.13016,
3.78418,4.48788,4.8176,3.02776,
0.65918,0.228624,0.0576,3.92536,
3.15918,1.89529,1.0576,4.82296,
1.90918,3.56196,2.0576,5.72056,
4.40918,0.784179,3.0576,0.463192,
0.34668,2.45085,4.0576,1.36079,
2.84668,4.11751,0.2576,2.25839,
1.59668,1.33973,1.2576,3.15599,
4.09668,3.0064,2.2576,4.05359,
0.97168,4.67307,3.2576,4.95119,
3.47168,0.413809,4.2576,5.84878,
2.22168,2.08048,0.4576,0.591421,
4.72168,3.74714,1.4576,1.48902,
0.19043,0.969364,2.4576,2.38662,
2.69043,2.63603,3.4576,3.28422,
1.44043,4.3027,4.4576,4.18182,
3.94043,1.52492,0.6576,5.07941,
0.81543,3.19159,1.6576,5.97701,
3.31543,4.85825,2.6576,0.719649,
2.06543,0.105167,3.6576,1.61725,
4.56543,1.77183,4.6576,2.51485,
0.50293,3.4385,0.8576,3.41244,
3.00293,0.660722,1.8576,4.31004,
1.75293,2.32739,2.8576,5.20764,
4.25293,3.99406,3.8576,6.10524,
1.12793,1.21628,4.8576,0.847877,
3.62793,2.88294,0.0976,1.74548,
2.37793,4.54961,1.0976,2.64307,
4.87793,0.290352,2.0976,3.54067,
0.112305,1.95702,3.0976,4.43827,
2.6123,3.62369,4.0976,5.33587,
1.3623,0.845908,0.2976,6.23347,
3.8623,2.51257,1.2976,0.0968255,
0.737305,4.17924,2.2976,0.994424,
3.2373,1.40146,3.2976,1.89202,
1.9873,3.06813,4.2976,2.78962,
4.4873,4.7348,0.4976,3.68722,
0.424805,0.475537,1.4976,4.58482,
2.9248,2.1422,2.4976,5.48242,
1.6748,3.80887,3.4976,0.225054,
4.1748,1.03109,4.4976,1.12265,
1.0498,2.69776,0.6976,2.02025,
3.5498,4.36443,1.6976,2.91785,
2.2998,1.58665,2.6976,3.81545,
4.7998,3.25331,3.6976,4.71305,
0.268555,4.91998,4.6976,5.61065,
2.76855,0.166895,0.8976,0.353282,
1.51855,1.83356,1.8976,1.25088,
4.01855,3.50023,2.8976,2.14848,
0.893555,0.722451,3.8976,3.04608,
3.39355,2.38912,4.8976,3.94368,
2.14355,4.05578,0.1376,4.84127,
4.64355,1.27801,1.1376,5.73887,
0.581055,2.94467,2.1376,0.481511,
3.08105,4.61134,3.1376,1.37911,
1.83105,0.35208,4.1376,2.27671,
4.33105,2.01875,0.3376,3.17431,
1.20605,3.68541,1.3376,4.07191,
3.70605,0.907636,2.3376,4.9695,
2.45605,2.5743,3.3376,5.8671,
4.95605,4.24097,4.3376,0.609739,
0.0732422,1.46319,0.5376,1.50734,
2.57324,3.12986,1.5376,2.40494,
1.32324,4.79652,2.5376,3.30253,
3.82324,0.537266,3.5376,4.20013,
0.698242,2.20393,4.5376,5.09773,
3.19824,3.8706,0.7376,5.99533,
1.94824,1.09282,1.7376,0.737967,
4.44824,2.75949,2.7376,1.63557,
0.385742,4.42615,3.7376,2.53316,
2.88574,1.64838,4.7376,3.43076,
1.63574,3.31504,0.9376,4.32836,
4.13574,4.98171,1.9376,5.22596,
1.01074,0.00914495,2.9376,6.12356,
3.51074,1.67581,3.9376,0.866196,
2.26074,3.34248,4.9376,1.76379,
4.76074,0.5647,0.1776,2.66139,
0.229492,2.23137,1.1776,3.55899,
2.72949,3.89803,2.1776,4.45659,
1.47949,1.12026,3.1776,5.35419,
3.97949,2.78692,4.1776,6.25179,
0.854492,4.45359,0.3776,0.115144,
3.35449,0.19433,1.3776,1.01274,
2.10449,1.861,2.3776,1.91034,
4.60449,3.52766,3.3776,2.80794,
0.541992,0.749886,4.3776,3.70554,
3.04199,2.41655,0.5776,4.60314,
1.79199,4.08322,1.5776,5.50074,
4.29199,1.30544,2.5776,0.243372,
1.16699,2.97211,3.5776,1.14097,
3.66699,4.63877,4.5776,2.03857,
2.41699,0.379515,0.7776,2.93617,
4.91699,2.04618,1.7776,3.83377,
0.151367,3.71285,2.7776,4.73136,
2.65137,0.935071,3.7776,5.62896,
1.40137,2.60174,4.7776,0.371601,
3.90137,4.2684,0.9776,1.2692,
0.776367,1.49063,1.9776,2.1668,
3.27637,3.15729,2.9776,3.0644,
2.02637,4.82396,3.9776,3.96199,
4.9,4.9,4,1.571,
];
costs = [0,0,-11,0,-11,-11,-11,-11,-11,-11,-11,-11,-11,-11,-11,-11,-11,-11,-11,-11,-11,-11,-11,-11,-11,-11,-11,-11,-11,-11,-11,0,0,0,0,2.42571,0,0,0,0,0,0,0,0,0,0,0,0,0,0,0,0,0,0,0,0,0,0,0,0,0,0,-11,0,0,0,0,0,0,0,0,0,0,0,0,0,0,0,0,0,0,0,-11,-11,0,0,-11,-11,0,0,0,0,-11,0,0,0,0,0,0,0,0,0,-11,0,-11,0,0,0,0,0,0,0,0,0,0,0,0,0,0,0,0,0,0,0,-11,0,0,0,0,0,0,0,-11,0,0,0,0,0,0,0,0,0,0,0,0,0,0,0,0,0,0,0,0,0,0,0,0,0,0,0,0,0,0,0,0,0,0,0,0,0,0,0,-11,-11,-11,0,0,0,0,0,0,0,0,0,0,0,0,0,0,0,0,0,0,0,0,0,0,0,0,0,0,0,0,0,0,0,0,0,0,0,0,0,0,0,0,0,0,0,0,0,0,0,0,0,-11,0,0,0,0,0,0,0,0,0,-11,0,0,-11,0,0,0,0,0,-11,0,0,0,0,0,-11,0,0,0,0,0,0,0,0,0,0,0,0,0,0,0,0,0,0,-11,0,0,0,0,-11,0,0,0,0,0,0,0,0,0,0,0,0,0,0,0,0,0,0,0,0,0,0,0,-11,-11,-11,0,-11,-11,-11,-11,0,0,-11,-11,-11,0,-11,-11,-11,-11,0,0,0,0,0,0,-11,-11,0,0,0,0,0,-11,-11,0,0,0,0,0,0,0,0,0,0,0,0,0,0,0,0,0,0,0,-11,0,0,0,0,-11,0,0,0,0,0,0,0,0,0,0,0,0,0,-11,-11,0,0,0,0,0,0,0,0,0,0,0,-11,0,0,0,0,0,-11,-11,-11,0,-11,-11,0,0,0,-11,-11,0,0,0,-11,-11,-11,0,0,0,0,0,0,0,0,0,0,0,0,0,-11,0,0,0,0,0,0,-11,0,-11,-11,0,0,0,0,0,0,-11,0,0,-11,0,0,0,0,0,-11,0,0,0,0,0,0,0,-11,-11,-11,0,0,-11,-11,0,-11,0,0,-11,0,0,0,0,0,0,0,0,0,0,0,0,0,0,-11,0,0,0,0,0,0,0,0,0,0,0,0,0,0,0,0,0,0,0,0,0,0,0,0,0,0,0,0,0,0,0,0,0,0,0,-11,0,0,0,0,0,0,0,-11,-11,0,0,0,-11,-11,0,0,0,-11,0,-11,0,0,0,0,0,0,0,0,0,0,0,0,0,0,0,0,0,0,0,0,0,0,0,0,-11,0,0,0,0,0,0,0,0,0,0,0,0,0,0,0,0,0,0,-11,-11,0,0,0,-11,0,-11,0,-11,-11,0,0,0,-11,-11,0,-11,0,0,-11,0,0,0,0,0,-11,0,0,0,0,0,0,0,0,0,0,0,0,0,0,0,-11,0,0,0,0,0,0,0,0,0,0,0,0,-11,-11,0,0,0,0,0,0,0,0,0,0,0,0,0,0,0,0,0,0,0,0,0,0,0,0,0,-11,0,-11,-11,0,0,0,0,0,0,0,0,0,0,0,0,0,0,0,0,0,0,0,0,0,0,0,0,0,0,0,0,0,0,0,0,0,0,0,0,0,0,0,0,0,0,0,0,0,0,0,0,0,0,0,0,0,0,0,0,0,0,0,0,0,0,0,0,0,0,-11,0,0,0,0,0,0,-11,-11,-11,0,0,0,-11,0,0,0,-11,-11,0,-11,0,0,0,0,-11,0,0,0,0,0,0,0,-11,-11,0,0,-11,0,0,0,0,0,0,0,0,0,0,0,0,0,0,0,0,0,0,0,0,0,0,-11,0,0,0,0,0,0,0,0,0,0,0,0,0,0,0,0,0,0,0,0,0,0,0,0,0,0,0,0,0,-11,0,0,-11,0,0,0,0,0,-11,0,0,0,0,0,0,0,0,0,0,0,0,0,0,0,0,0,0,0,0,0,0,0,0,0,0,0,0,0,0,0,0,0,0,0,0,0,0,-11,-11,-11,0,-11,-11,-11,0,0,-11,-11,0,0,0,-11,0,0,0,0,-11,-11,0,0,0,0,-11,-11,-11,0,0,0,0,0,0,0,0,0,0,0,0,0,0,0,0,0,0,0,0,0,0,0,0,0,0,0,0,0,0,0,0,0,0,0,0,0,0,0,0,0,0,0,0,0,0,0,-11,0,0,0,-11,-11,-11,-11,-11,-11,0,0,0,0,0,0,0,0,0,0,0,-11,-11,0,-11,-11,-11,0,0,0,0,0,0,0,0,0,0,0,0,0,0,0,0,0,0,0,0,0,0,0,0,0,0,0,0,0,0,0,
];
